3391837 2528277 3448416 2478759
399473 1167503 1188862 2000000
3769110 2896086 4076658 2478123
900438 3835648 -435606 3506717
2913762 3937542 2964244 3612685
3646459 3446878 3264675 3635510
1182092 2135147 1188862 2000000
3213897 2710772 3448416 2478759
3242113 3984214 3264675 3635510
2809237 3782833 2872059 3592616
2962421 37354 3358601 -1111474
3456740 2458922 3448416 2478759
1799203 3569221 2872059 3592616
3907873 3898376 3264675 3635510
3481951 2453964 3448416 2478759
1120077 2963237 1188862 2000000
2901181 3029961 2872059 3592616
3111105 3361570 2964244 3612685
2533601 3956413 2872059 3592616
108898 2275290 1188862 2000000
3501591 2414995 3448416 2478759
3035657 3700769 2964244 3612685
1286795 298997 308571 -434280
200812 3470019 -435606 3506717
2550124 1556776 1188862 2000000
3955070 601908 4076658 2478123
3565419 2355172 3448416 2478759